258
159
127
446
154
21
270
7
287
292
37
433
436
129
101
369
428
356
183
500
163
330
113
241
254
216
295
159
101
198
121
405
317
145
174
115
223
120
19
46
460
136
249
120
468
339
155
152
252
88
357
430
374
67
61
289
6
48
442
195
318
26
63
494
439
418
329
209
471
311
179
42
257
30
484
370
309
304
427
170
218
317
197
298
100
283
266
50
139
272
146
307
348
281
190
434
258
316
156
390
356
49
451
181
370
368
417
232
461
47
448
460
177
260
282
305
330
180
419
449
55
415
457
143
243
21
243
285
247
48
370
219
388
143
306
392
183
147
431
57
206
231
109
326
168
11
479
169
430
190
436
154
433
328
236
403
319
359
151
199
447
487
349
206
5
58
36
211
409
209
17
107
403
202
231
327
134
93
323
10
489
83
162
491
117
141
485
365
478
131
334
94
496
51
335
279
3
309
14
216
318
193
92
126
31
358
314
231
72
388
348
209
400
34
100
113
321
230
279
391
454
62
46
391
272
308
430
13
222
363
298
235
189
111
140
82
207
338
320
204
86
303
190
132
166
58
138
467
162
105
218
476
220
223
94
106
261
126
42
96
80
102
368
388
270
482
120
205
9
331
334
410
493
262
303
169
141
371
68
146
218
307
159
198
495
368
71
452
310
43
297
306
462
79
269
384
156
428
29
230
422
63
348
420
275
387
383
181
204
290
27
46
432
116
408
457
212
37
327
17
374
96
121
450
159
94
147
323
68
192
143
101
164
415
224
45
118
159
91
401
127
160
257
249
165
3
343
8
423
336
81
329
369
84
181
288
174
481
279
157
183
94
462
61
182
479
95
470
267
426
198
213
66
260
97
263
90
90
12
233
99
317
96
417
461
117
436
262
333
189
266
277
13
415
420
151
442
380
88
16
404
4
246
321
438
27
369
157
400
276
157
75
181
297
323
177
433
27
457
91
19
373
217
317
21
466
36
274
451
306
267
238
346
178
331
107
396
222
354
471
277
42
485
113
63
182
181
446
77
198
331
350
297
322
209
269
149
465
398
173
47
102
254
95
334
268
151
266
326
250
208
384
102
282
492
164
410
217
211
138
77
467
153
251
313
397
235
93
322
201
374
85
354
333
128
162
42
182
222
366
302
341
120
184
211
491
500
198
353
439
429
115
426
188
326
457
251
181
411
351
113
461
338
304
53
244
20
301
484
299
430
338
291
63
480
247
340
463
116
339
98
78
322
28
117
1
175
416
486
172
91
208
184
3
277
234
318
99
12
444
72
360
270
258
20
121
177
174
430
70
446
346
398
184
370
287
349
3
242
140
138
394
107
408
449
450
148
261
151
473
18
414
259
91
120
191
493
286
151
59
400
157
87
142
237
151
485
405
230
484
229
429
75
439
373
415
335
180
219
351
463
101
436
260
38
296
157
339
203
475
245
394
150
294
411
282
233
292
77
72
57
121
328
122
435
445
226
464
499
486
390
449
480
445
228
308
18
128
184
316
361
72
57
394
160
221
17
144
475
110
268
123
463
15
324
381
302
31
3
189
91
4
327
99
330
464
403
126
431
255
404
364
156
475
177
133
227
252
164
347
49
399
344
346
153
223
333
208
399
434
347
61
126
48
403
73
355
205
206
103
478
168
376
123
427
118
429
477
90
234
239
429
149
226
334
448
50
159
199
201
130
165
318
378
348
220
401
328
446
181
117
434
475
104
203
200
89
483
441
382
275
82
270
108
399
151
497
163
398
257
174
353
357
374
152
83
445
284
433
388
328
125
111
9
326
279
75
418
79
430
151
82
39
289
88
142
247
113
157
4
390
469
486
375
439
419
11
459
264
119
413
204
422
259
234
88
324
255
213
461
484
256
407
150
12
498
391
452
439
311
76
22
148
397
291
249
144
219
56
451
245
246
39
63
113
284
466
281
441
265
279
478
337
255
297
447
148
101
347
189
472
276
460
263
202
166
79
283
404
455
386
454
189
331
319
231
265
48
40
382
228
204
366
207
120
19
434
11
418
396
372
466
411
337
253
374
422
452
313
312
108
488
341
343
244
281
143
80
287
242
18
331
329
170
341
191
66
179
136
323
66
319
199
393
22
187
41
440
485
468
354
87
338
267
380
326
165
416
52
109
51
480
166
323
178
314
257
490
8
37
112
68
180
300
5
427
417
202
493
335
131
404
422
82
459
265
53
196
463
25
489
314
86
11
257
423
392
17
75
174
22
245
218
66
264
207
44
201
69
49
154
109
55
254
60
119
108
31
491
372
226
394
411
69
203
192
489
305
235
117
4
285
311
192
81
35
423
443
202
377
251
359
62
479
33
286
276
150
76
16
454
496
497
291
378
351
234
476
132
15
113
305
171
81
181
404
211
455
261
195
347
322
302
324
28
132
468
225
449
281
71
320
266
469
220
302
106
171
43
166
178
408
437
122
447
37
167
388
58
77
128
225
225
369
438
407
359
80
422
377
418
371
273
154
436
246
429
33
200
178
318
498
260
66
444
341
368
189
253
64
345
429
457
268
327
286
164
41
318
391
21
419
68
444
476
491
252
22
460
221
94
290
384
427
307
370
407
26
270
430
148
197
288
334
500
81
319
339
212
337
415
293
490
142
485
289
181
287
374
288
144
188
179
240
369
27
227
287
15
300
72
207
472
274
83
334
87
195
225
17
55
22
484
5
150
396
36
232
104
374
316
258
226
375
368
335
77
147
179
454
484
35
231
32
343
167
61
99
226
484
458
435
267
449
413
227
172
416
75
15
15
96
377
30
73
2
18
65
445
369
333
435
472
42
98
80
386
106
192
26
283
301
33
500
124
494
335
286
40
178
417
301
144
482
126
398
140
377
333
27
18
73
199
393
221
300
192
399
424
224
373
30
121
42
467
124
29
55
494
84
110
53
456
492
442
191
153
490
293
459
440
217
311
129
93
2
73
87
186
409
75
98
382
326
500
183
19
363
434
462
9
463
306
236
90
345
1
472
236
67
347
204
435
15
260
270
316
313
197
181
365
171
73
95
257
120
462
366
260
376
45
165
27
67
486
32
481
238
458
378
400
460
253
152
171
77
218
177
52
53
435
185
95
449
58
316
339
44
226
150
135
325
373
405
89
456
337
133
149
32
241
132
439
316
238
168
38
371
328
10
308
143
257
332
302
470
397
326
153
485
499
474
231
397
397
27
127
199
394
447
417
136
190
83
438
375
363
241
472
489
303
264
426
235
411
190
412
125
324
301
139
344
98
48
471
63
115
285
382
27
147
309
94
43
288
296
366
126
183
428
425
24
357
484
35
401
341
369
162
427
219
236
399
320
72
163
191
42
99
412
5
236
411
234
446
204
335
469
227
86
58
445
178
114
328
237
151
416
453
374
10
418
462
24
241
200
26
181
354
106
392
75
66
257
351
409
338
380
341
236
295
111
77
163
436
97
474
285
46
344
271
275
473
109
295
334
266
420
217
74
200
134
80
318
294
84
394
210
271
140
417
449
203
304
216
491
158
233
116
356
248
466
155
125
407
8
417
326
251
437
140
381
303
411
200
345
380
191
427
30
357
205
415
262
33
179
292
292
328
169
436
444
384
311
66
262
484
392
97
304
195
248
173
362
428
114
381
76
182
454
365
160
191
260
267
27
178
346
275
374
57
458
101
34
163
241
218
415
95
86
109
210
328
108
176
439
266
296
16
120
433
124
170
443
432
395
362
126
491
254
278
3
375
391
207
201
27
371
252
410
415
115
131
47
225
451
304
302
7
268
114
348
267
181
481
461
386
344
108
289
107
223
281
50
383
21
140
48
105
218
72
277
209
275
38
142
377
277
361
322
171
462
117
314
124
152
178
343
300
264
293
351
340
363
74
299
305
184
153
137
479
331
455
225
200
401
5
412
202
427
37
304
380
431
483
237
390
416
118
28
419
462
170
293
63
318
28
24
307
28
136
492
157
204
380
220
308
53
301
207
41
236
462
167
464
149
87
210
442
351
302
36
64
29
263
226
245
13
241
498
240
71
130
270
87
250
428
42
326
109
471
468
394
487
46
348
135
240
205
298
124
202
119
129
109
302
54
477
421
405
408
376
8
223
213
263
402
390
273
59
217
489
326
80
176
431
462
187
286
285
79
288
154
247
257
455
292
468
66
57
368
406
467
392
427
209
463
273
441
183
91
173
478
414
316
466
452
148
347
274
373
35
464
297
496
338
25
128
85
210
30
56
209
68
3
298
37
391
131
151
116
422
307
329
373
96
421
111
278
299
362
131
469
233
460
346
163
138
362
402
38
9
376
466
458
83
457
224
204
132
227
235
77
420
1
52
5
368
328
98
289
434
226
303
499
66
19
178
29
27
312
42
404
65
52
488
484
227
15
261
20
427
207
253
459
378
424
79
196
19
80
327
485
110
249
4
102
469
63
121
403
292
457
181
480
287
90
38
421
68
282
162
466
452
77
213
90
246
384
319
222
179
230
232
469
36
453
498
495
356
34
141
60
377
247
339
82
285
15
3
220
323
99
77
59
487
22
181
373
362
161
320
392
427
60
490
294
363
116
364
115
66
456
126
76
404
13
244
390
160
480
368
307
495
176
237
129
137
31
84
95
219
245
399
362
74
193
59
178
283
434
129
247
170
148
479
245
44
82
361
160
26
388
105
111
281
247
219
194
413
306
7
327
355
279
287
213
409
346
41
410
453
314
33
270
324
274
339
282
217
20
177
151
50
258
195
61
208
219
341
179
412
185
370
107
456
134
311
422
211
263
46
126
129
436
211
73
234
193
479
388
435
442
121
56
357
284
315
2
253
97
170
304
32
340
486
39
56
45
110
301
430
186
221
285
30
265
91
365
16
98
412
281
382
325
424
292
229
55
204
388
195
453
81
159
463
178
422
114
267
225
435
491
294
159
98
156
314
179
95
214
361
88
364
144
309
217
293
261
415
433
359
339
414
197
358
366
128
181
445
64
395
489
312
383
162
199
144
382
391
493
208
385
193
453
10
467
238
44
357
45
320
492
315
396
291
226
166
233
140
431
202
245
492
133
433
395
170
251
75
174
412
108
205
333
307
292
460
316
378
206
441
457
59
58
207
187
252
355
314
317
449
497
66
234
91
140
386
302
248
8
262
454
364
497
221
261
267
439
423
304
469
147
202
257
148
366
269
470
165
500
224
137
437
236
480
316
43
436
328
266
230
222
390
317
437
53
486
221
478
252
321
355
208
73
23
137
85
460
395
290
51
221
300
254
415
263
484
30
239
313
104
424
272
91
74
2
424
79
321
166
429
372
100
248
95
427
479
290
371
342
114
364
127
167
410
42
169
58
183
137
161
469
60
402
295
322
308
255
6
212
474
496
399
111
168
175
230
59
45
142
415
126
427
108
275
308
19
415
296
155
194
19
410
454
170
74
155
91
12
308
318
156
208
103
93
462
249
145
217
9
240
11
398
300
72
171
292
21
434
499
45
274
117
370
246
377
492
108
74
157
393
3
455
50
285
265
208
62
104
354
89
381
458
389
225
214
151
475
487
492
77
54
16
370
38
15
293
409
69
2
290
171
422
225
56
148
262
391
426
290
102
165
119
492
306
199
188
493
171
171
472
31
469
439
264
23
444
352
497
440
161
172
394
499
85
447
370
126
354
82
385
335
198
433
255
8
233
328
361
92
317
240
83
385
152
254
75
183
282
150
269
80
314
500
234
249
128
182
225
441
101
337
183
99
132
43
321
496
223
256
258
331
405
355
456
447
244
197
191
435
68
201
359
347
459
57
491
26
467
363
392
208
142
162
359
3
62
19
70
337
170
40
497
407
164
259
39
347
149
300
456
113
177
31
87
341
116
66
16
233
34
324
450
59
135
267
183
485
309
78
23
137
361
468
336
84
4
315
138
298
246
114
218
192
402
354
157
194
279
247
250
88
168
416
193
75
168
245
344
17
418
163
235
437
16
486
14
154
383
29
56
35
403
401
414
351
475
402
80
262
228
108
421
272
373
402
434
339
400
11
425
136
24
198
162
410
423
290
467
181
113
56
218
42
365
267
65
474
413
326
258
320
197
374
364
398
324
144
444
446
437
257
408
496
171
93
179
72
93
256
151
191
295
329
454
445
87
208
375
44
389
336
379
275
488
249
92
127
337
288
254
198
20
356
468
13
261
409
133
240
230
421
82
286
328
232
96
217
429
162
379
461
316
261
174
49
2
46
432
135
67
303
355
261
200
390
69
89
145
349
218
426
349
39
52
437
445
237
139
225
14
438
282
95
49
52
427
134
427
432
204
364
215
170
82
76
217
368
400
428
240
333
72
160
42
130
277
413
107
443
64
98
62
70
13
405
118
387
493
67
407
149
90
469
78
251
307
41
302
186
343
485
195
426
173
221
269
299
72
359
53
337
467
297
335
385
371
149
384
220
133
328
414
345
84
47
327
418
358
201
4
335
299
113
181
442
454
79
217
281
238
19
89
114
135
56
107
80
336
312
360
41
194
339
251
485
387
402
276
153
272
265
166
30
198
221
212
341
171
416
220
220
16
212
253
34
182
497
472
484
415
330
426
494
198
249
97
13
74
135
461
392
254
41
429
46
310
375
211
182
394
127
95
268
67
283
151
120
340
377
293
338
183
484
280
498
491
356
483
138
254
432
122
28
41
407
210
14
158
236
489
208
346
224
409
459
382
63
80
437
75
217
300
56
235
221
11
112
454
341
171
62
90
312
33
100
494
386
435
40
44
1
280
441
73
396
68
59
202
500
409
36
45
360
165
81
234
184
30
212
135
76
221
141
301
102
24
302
214
357
295
285
175
241
474
248
455
218
402
427
21
344
243
370
442
276
399
210
379
405
376
190
214
399
45
220
310
486
484
462
177
118
91
70
25
493
7
106
70
196
225
237
147
398
364
405
29
475
429
45
245
38
98
297
359
191
435
432
366
11
116
22
454
364
2
204
195
359
148
486
67
397
203
30
452
443
496
124
23
99
45
20
488
367
118
324
10
120
54
269
224
471
190
159
493
244
400
63
121
388
452
287
442
385
214
355
185
23
354
490
171
376
151
447
333
63
461
2
94
58
61
33
33
243
64
328
445
337
146
47
119
320
44
238
40
411
118
471
473
199
383
119
89
31
222
226
102
389
360
279
313
377
246
293
138
166
23
409
259
8
423
311
291
235
33
483
293
146
500
461
497
416
229
432
53
348
478
324
61
117
227
74
83
219
14
196
244
314
168
483
105
275
351
339
39
315
24
474
120
494
358
205
381
110
134
483
362
483
184
491
192
377
142
135
183
58
143
19
81
319
283
258
388
452
259
51
149
402
335
494
126
188
81
165
246
92
462
452
459
441
337
83
385
442
361
182
443
92
151
363
181
53
116
335
249
421
25
243
213
354
37
363
315
437
154
106
82
349
421
387
201
468
479
472
352
367
244
251
122
8
312
216
469
434
316
145
344
273
177
294
261
55
130
210
19
233
355
146
302
64
105
164
388
112
145
29
484
368
149
64
10
105
441
74
315
260
429
476
87
461
462
340
34
353
299
370
482
409
116
218
312
104
111
278
292
252
146
335
296
50
167
20
177
384
294
158
344
310
326
117
360
374
275
271
440
37
337
126
467
344
163
338
230
50
291
188
216
369
98
127
120
399
486
103
453
446
415
120
379
278
139
475
460
36
303
364
283
84
186
360
455
448
138
71
232
37
262
201
330
6
307
73
255
454
79
310
29
216
91
121
377
471
81
450
314
9
328
12
56
14
340
356
345
322
125
231
191
269
360
254
306
394
197
372
8
242
371
500
19
292
39
477
86
472
419
385
86
122
285
107
10
406
258
37
229
192
261
170
14
89
226
481
145
485
184
472
406
28
88
494
213
413
375
41
111
52
76
397
216
151
215
452
253
378
46
202
157
148
130
296
319
101
453
335
140
102
452
295
404
50
164
183
300
112
81
26
150
361
196
56
477
131
228
186
182
432
8
74
107
1
335
272
316
373
196
450
287
131
75
72
447
366
444
296
116
364
439
485
103
434
198
495
110
242
66
295
428
474
103
92
287
230
182
255
47
389
245
211
72
49
301
145
461
332
493
182
283
381
305
66
414
268
431
250
110
2
143
174
24
403
465
457
377
27
345
329
406
10
125
429
84
409
139
55
121
221
472
22
445
416
362
118
119
411
253
132
364
233
397
428
336
4
469
166
202
311
83
319
339
315
17
488
371
361
181
217
72
448
41
301
370
132
167
368
392
360
71
213
432
47
15
156
419
141
373
332
408
75
218
346
291
218
394
285
48
325
410
246
48
58
328
92
136
122
290
318
368
367
234
29
388
426
221
476
409
301
187
495
453
190
122
120
147
243
45
33
497
108
500
187
144
451
409
332
165
74
12
63
257
318
182
475
322
299
351
37
113
53
136
225
125
408
80
465
358
450
489
461
261
373
110
366
79
401
239
214
145
402
357
209
142
384
234
393
98
208
227
230
229
283
148
278
145
264
344
293
204
29
344
196
13
142
163
355
243
330
455
364
226
274
47
481
273
323
362
8
83
94
73
423
189
441
14
457
9
467
9
158
73
306
349
189
144
109
369
119
421
357
224
271
498
14
120
327
312
374
427
201
119
156
103
204
471
372
342
45
42
282
255
229
77
236
234
476
198
184
99
358
399
426
268
242
432
143
212
47
298
319
485
202
466
179
253
213
267
161
74
37
135
31
431
60
110
158
411
147
487
180
439
422
312
313
288
330
33
107
411
103
347
318
158
143
118
392
213
195
29
320
2
106
205
470
15
58
385
364
257
299
203
22
62
92
58
170
183
437
452
298
260
313
189
212
101
253
388
233
361
436
168
350
83
43
104
91
243
91
98
424
397
148
58
499
319
140
35
268
282
89
232
490
182
60
83
325
24
387
399
325
399
84
198
36
191
108
53
377
4
338
58
187
390
75
112
393
136
182
309
157
75
474
171
154
92
408
219
266
128
29
242
202
306
157
194
193
284
252
427
410
485
146
183
39
252
33
200
206
102
316
200
401
15
135
197
322
32
103
401
379
29
162
487
251
479
133
473
281
212
166
334
74
195
287
281
392
164
381
121
109
317
385
386
154
347
202
304
361
154
101
451
462
50
74
486
248
236
143
286
33
468
168
78
32
428
214
82
211
377
75
489
423
488
208
115
135
218
102
24
445
258
86
322
51
15
310
290
325
362
168
243
261
205
80
111
165
282
329
486
482
169
36
425
53
478
405
303
420
232
172
356
36
177
310
255
490
370
334
86
38
452
468
54
381
475
202
368
75
282
265
76
222
77
476
196
347
258
213
394
445
16
125
25
69
52
224
252
484
102
2
221
390
190
119
453
140
361
54
188
389
437
34
55
193
85
361
451
213
343
438
442
183
33
293
350
157
135
97
60
164
255
168
217
201
58
204
469
428
377
349
276
275
361
107
172
98
468
197
110
204
170
326
261
69
432
173
38
165
414
293
67
27
498
76
135
35
330
59
397
144
499
471
303
279
437
412
130
388
380
424
23
52
139
233
103
80
144
435
371
341
421
389
413
254
154
99
161
82
285
104
108
451
443
439
226
7
292
453
66
247
167
300
259
156
308
82
201
440
413
36
490
249
437
41
95
18
217
378
361
126
111
378
470
173
328
252
245
369
404
125
330
244
279
146
448
7
323
31
395
28
356
231
29
213
41
215
102
189
143
168
168
463
157
211
363
423
165
107
98
1
308
351
334
178
112
380
208
184
114
71
185
192
171
245
56
259
385
436
226
481
161
137
321
430
441
218
53
322
66
153
315
38
32
92
415
333
77
252
373
100
264
79
313
134
223
105
355
445
445
348
199
391
322
423
290
70
32
55
328
355
76
118
148
202
204
125
411
117
309
82
351
179
322
289
42
349
174
79
322
140
474
425
345
379
267
373
258
336
324
174
213
409
358
154
471
247
86
369
90
186
89
353
127
243
419
230
195
296
62
205
54
175
26
365
114
222
315
249
335
429
34
137
74
444
266
130
7
47
431
171
238
413
252
127
190
188
4
311
231
113
386
412
292
37
206
406
459
335
323
228
10
490
332
67
467
102
410
363
81
302
27
450
84
65
442
359
312
134
209
339
37
66
305
88
90
158
483
458
119
474
373
396
472
278
109
187
285
92
207
95
12
23
209
319
376
314
280
281
353
397
422
268
267
49
252
220
430
225
364
279
358
446
169
12
332
310
211
266
1
76
258
47
450
172
9
467
334
209
302
221
132
331
76
308
224
440
190
246
138
431
496
398
88
150
247
133
2
240
370
252
138
453
201
181
276
327
399
21
116
39
204
173
338
189
1
292
473
305
347
492
145
324
471
483
256
142
342
408
258
305
250
185
484
475
85
378
310
53
446
266
374
377
145
145
301
207
422
12
109
262
461
451
422
433
489
235
88
25
496
402
122
303
65
273
198
363
40
401
462
346
256
197
82
446
27
237
411
132
120
43
489
238
200
417
107
293
96
130
426
286
189
370
37
374
85
418
498
283
215
52
127
465
81
88
415
327
157
386
45
106
442
109
312
299
114
247
50
274
440
236
239
341
284
9
475
317
397
195
411
75
137
253
433
441
439
493
330
244
291
48
108
160
264
443
170
229
149
97
58
46
321
460
216
29
304
396
337
413
21
371
4
9
360
189
500
197
141
195
77
482
141
250
116
324
50
172
39
138
112
221
277
270
187
70
470
47
128
26
86
230
340
317
311
22
205
6
265
393
51
485
178
70
187
13
194
296
473
392
383
86
238
132
213
82
354
271
430
150
480
226
186
81
150
188
204
130
336
398
82
377
186
438
16
56
41
264
287
151
8
267
183
344
347
291
417
443
45
438
140
57
204
441
463
192
171
158
82
364
130
357
474
189
33
273
138
410
33
183
324
241
239
499
14
172
286
241
483
272
273
379
137
237
455
301
177
222
297
410
260
287
473
169
481
392
188
164
54
213
53
12
149
340
254
322
454
180
434
323
383
286
422
77
2
15
390
279
127
267
59
162
472
234
190
175
395
149
27
413
189
117
373
398
443
97
234
252
330
19
387
129
172
170
113
443
281
77
300
19
397
349
4
170
268
399
155
426
496
143
314
338
224
188
91
473
153
273
335
221
118
345
112
415
105
444
245
341
399
326
214
36
307
156
256
497
134
315
46
441
334
194
166
277
345
400
143
495
405
225
242
351
68
195
49
55
195
442
452
280
179
158
176
400
364
207
192
350
162
27
440
245
74
350
96
282
129
158
496
92
54
194
226
56
238
72
66
118
357
438
224
133
159
172
414
296
173
391
212
239
178
225
498
141
250
307
426
255
191
238
282
198
260
42
152
353
245
143
281
112
174
22
224
177
448
287
99
355
383
425
310
71
71
400
380
146
363
146
199
328
43
442
495
360
399
95
137
166
483
163
493
115
225
119
76
27
229
83
135
437
121
195
172
355
4
477
450
391
74
389
251
364
198
444
235
131
151
422
329
470
44
164
210
359
76
285
377
406
373
254
407
116
425
297
166
116
180
18
65
345
52
288
7
311
246
114
347
106
226
491
455
19
356
70
414
76
114
13
15
220
325
109
251
189
119
76
480
163
344
306
476
426
211
171
270
243
204
466
98
295
373
22
79
320
89
221
344
414
57
158
184
229
39
190
24
307
189
373
271
153
21
202
223
336
355
496
19
460
358
407
60
351
499
21
280
84
461
276
437
14
219
119
418
327
321
166
264
154
426
120
89
224
241
322
56
123
241
281
350
431
354
490
381
421
24
73
248
128
447
285
303
379
227
382
66
388
335
173
283
393
474
322
299
70
391
360
464
462
48
66
142
133
86
378
7
318
231
324
306
379
221
256
425
141
404
477
244
22
298
350
399
230
225
397
128
317
290
39
405
476
139
269
210
236
475
335
322
374
385
223
71
306
158
29
456
233
480
393
373
307
69
82
27
48
386
59
222
37
438
19
127
24
57
191
492
63
429
289
180
29
225
500
58
393
372
241
55
264
49
226
175
63
70
270
166
106
74
150
457
106
435
316
49
294
214
161
332
434
498
162
325
23
296
439
497
423
329
416
6
57
29
147
424
312
13
489
252
118
239
137
287
482
299
13
389
200
4
309
321
312
386
85
223
175
91
23
31
446
182
313
331
41
179
104
83
38
127
479
106
91
335
130
3
100
70
162
443
119
259
116
269
334
406
226
337
45
139
367
130
403
137
242
172
171
297
313
299
71
280
435
81
160
219
79
473
305
118
69
389
128
472
202
413
126
21
92
441
88
377
283
19
168
316
215
229
224
52
358
320
76
74
287
313
390
304
190
57
268
125
232
459
140
297
126
95
277
254
263
345
491
44
486
421
359
103
422
266
470
419
471
296
335
106
447
440
425
76
412
433
132
375
411
7
146
295
185
431
352
17
363
88
270
86
34
429
134
438
131
446
292
497
126
421
432
451
393
40
334
79
150
129
360
453
202
428
14
91
55
94
229
362
183
300
437
476
40
294
279
455
323
487
185
377
448
149
309
272
380
250
470
208
383
57
281
341
475
279
81
314
173
211
303
92
472
97
222
228
429
253
407
352
129
416
19
262
426
441
153
35
144
34
414
144
316
185
259
325
101
233
83
112
239
493
496
391
192
243
64
400
205
263
346
245
89
421
251
161
410
203
303
214
61
213
343
407
388
49
162
377
239
57
486
375
462
61
380
230
480
33
287
85
6
130
35
324
350
176
209
135
101
395
449
188
194
335
428
183
6
72
102
372
455
220
120
223
104
57
63
408
64
459
29
422
380
196
1
290
386
288
436
177
94
432
197
12
321
325
210
296
43
424
69
194
285
359
382
410
355
189
179
205
424
84
430
130
408
408
318
253
356
332
188
395
281
102
193
180
361
408
209
194
76
147
416
411
319
310
399
297
288
307
460
261
184
89
401
289
60
410
342
362
212
253
148
144
27
441
357
70
256
187
468
433
339
352
221
395
497
169
412
476
137
194
211
81
292
191
154
80
178
266
35
180
233
409
478
478
343
372
384
103
22
195
199
251
215
167
427
332
122
414
434
395
284
342
83
114
376
236
364
208
413
65
182
125
19
465
378
273
442
53
77
83
80
117
180
430
455
155
73
438
234
186
46
117
254
181
213
148
157
395
275
296
47
478
319
173
347
129
36
419
147
287
146
105
29
30
36
475
395
371
329
105
290
390
255
357
98
432
391
245
268
254
132
112
266
348
194
80
166
3
398
192
152
474
496
215
378
197
257
132
211
475
174
116
181
33
24
77
189
391
466
32
331
376
91
422
151
241
173
321
496
253
6
276
291
306
62
496
58
54
414
475
289
150
328
147
371
241
138
134
419
241
174
320
210
444
286
423
152
187
261
214
93
438
368
500
80
387
136
493
326
146
382
248
451
16
41
133
347
460
101
478
324
341
443
198
316
108
12
127
144
169
284
275
319
85
322
472
150
340
247
186
481
277
325
235
360
454
149
171
279
405
484
36
41
64
261
97
421
464
460
282
35
442
427
216
291
183
423
395
217
443
480
4
306
49
480
435
179
399
50
272
205
470
69
310
88
265
218
73
91
426
266
229
498
230
44
31
422
32
430
150
118
160
139
235
63
471
447
378
98
335
499
205
321
145
444
81
75
305
494
363
182
295
109
235
31
5
16
19
328
236
168
387
455
391
488
48
300
55
145
264
161
227
348
80
141
160
325
143
470
355
198
215
136
141
131
334
162
281
78
467
213
235
397
103
249
175
253
213
314
176
461
33
34
440
466
456
159
464
263
62
395
425
299
213
184
200
287
116
11
409
226
211
318
166
159
97
115
144
388
500
95
418
124
17
160
64
97
35
198
17
185
390
293
163
261
391
170
219
156
248
458
309
21
270
169
59
452
481
486
304
124
75
56
234
219
491
484
202
136
480
310
212
38
37
201
29
334
447
418
167
188
408
434
340
280
352
95
432
137
482
118
66
97
128
408
123
105
458
55
371
85
362
313
45
302
436
85
204
208
181
477
256
51
421
463
22
372
155
480
248
351
17
26
495
201
4
109
364
130
75
459
432
288
497
385
351
186
187
372
353
157
154
150
465
407
220
334
85
298
201
351
476
167
420
48
248
170
179
103
404
465
122
103
120
293
238
403
94
109
284
92
234
150
287
358
35
18
348
178
402
176
92
336
375
433
173
233
158
211
239
342
1
364
391
126
7
313
357
131
468
324
153
347
14
481
16
386
241
44
417
115
468
265
181
8
23
24
483
172
144
261
318
172
213
27
489
36
117
324
71
105
383
90
327
386
419
331
163
249
187
331
274
250
108
114
259
442
71
20
486
206
312
302
135
228
379
362
191
338
205
15
233
69
493
201
105
172
425
282
44
379
333
189
463
463
476
446
295
322
312
425
465
415
271
494
91
250
348
374
492
62
294
496
225
340
351
256
318
163
274
136
400
366
315
239
35
347
218
49
161
280
333
86
297
449
144
495
391
34
204
431
307
142
21
16
122
395
342
294
272
277
29
267
161
45
209
383
352
172
471
90
214
129
400
112
445
253
216
318
293
162
164
280
418
388
398
14
477
372
136
241
287
71
122
179
303
358
375
473
173
448
360
437
251
283
373
75
189
360
445
211
1
2
271
452
213
359
221
345
237
437
375
169
403
433
199
34
169
417
313
187
357
448
310
338
411
372
28
2
476
351
193
113
270
233
403
341
144
231
225
372
418
492
4
41
428
182
256
459
118
67
228
82
180
218
141
307
329
339
34
298
466
324
263
462
111
21
169
48
55
331
181
34
305
174
405
18
473
473
453
195
330
424
7
264
251
251
252
67
83
310
136
208
298
273
488
285
438
334
388
204
260
199
242
471
437
168
269
91
17
27
459
48
232
170
127
234
489
228
70
125
71
267
254
218
181
12
276
490
168
212
434
396
218
356
58
297
97
42
216
225
246
399
413
213
178
444
128
291
439
52
113
336
323
11
11
456
454
258
346
247
255
431
492
332
409
487
396
341
199
365
266
179
16
95
246
147
250
47
334
446
163
297
23
126
447
78
246
281
428
173
8
265
298
392
401
218
296
300
365
228
355
110
439
87
147
111
292
272
301
149
441
90
8
7
358
72
267
309
100
190
329
186
301
355
231
81
278
307
246
20
29
61
176
369
495
121
96
161
114
422
127
120
344
238
125
314
330
461
333
469
487
256
80
195
79
291
412
219
115
216
263
107
83
248
262
391
425
477
194
300
122
233
303
436
324
90
388
254
118
174
283
368
470
8
244
119
118
136
3
211
481
345
47
186
319
321
41
415
240
10
207
481
389
28
151
438
295
456
364
494
124
374
421
306
330
323
458
82
188
211
260
264
44
243
302
260
265
54
1
64
325
255
441
132
91
48
479
15
421
363
308
319
474
288
84
488
156
218
107
114
277
387
264
326
299
338
6
365
58
132
150
173
458
43
244
438
433
50
314
433
433
305
245
290
283
186
153
37
454
86
176
49
83
41
167
104
90
53
243
262
158
206
255
419
488
349
390
275
351
39
471
440
365
452
124
87
101
278
386
216
75
223
288
381
116
296
339
142
310
184
118
1
102
462
43
405
67
436
217
128
100
421
335
105
268
157
47
485
305
29
265
79
286
152
275
268
204
393
281
487
460
122
180
242
232
135
481
16
201
164
397
3
485
84
212
208
207
53
367
261
98
471
485
175
169
232
174
466
405
383
352
80
306
23
182
259
464
119
456
111
207
297
258
270
119
39
451
29
398
435
182
455
39
52
10
66
83
237
75
209
451
367
68
22
485
193
73
319
88
179
413
445
357
391
330
426
235
288
323
110
449
337
419
112
322
405
281
307
126
170
421
240
330
285
393
67
148
163
452
27
244
272
217
387
394
335
458
461
108
194
333
434
222
4
104
276
458
360
408
26
337
58
491
446
3
217
93
173
365
179
423
435
322
86
160
91
7
398
259
246
56
417
68
456
227
144
364
367
415
174
279
245
251
30
190
348
426
302
73
128
237
82
102
97
293
473
361
320
67
436
114
313
479
465
275
97
34
211
280
449
378
254
37
150
96
133
272
146
58
255
236
138
354
290
221
284
404
182
345
123
357
439
270
95
119
491
283
280
431
241
339
401
88
489
98
441
456
397
116
130
217
58
453
114
496
428
140
341
446
71
65
245
400
153
181
12
438
246
492
437
103
116
75
154
190
335
476
69
36
33
230
227
211
219
185
116
86
480
314
343
406
216
53
106
35
97
251
279
345
374
398
237
496
278
411
197
189
465
444
442
410
274
70
470
53
204
336
382
17
272
140
82
243
142
345
214
335
247
448
132
275
22
338
199
275
466
120
204
67
335
254
300
208
212
246
460
73
17
370
126
476
52
245
487
412
219
257
498
310
432
203
371
483
132
221
221
139
435
80
93
74
96
37
182
364
100
409
451
105
169
367
376
25
31
277
120
182
263
134
180
389
185
118
309
436
100
92
409
412
172
284
421
243
485
405
487
112
449
385
191
43
238
74
48
162
251
5
471
443
75
440
396
233
110
440
77
25
125
330
136
334
193
215
17
165
185
14
131
125
449
204
8
373
497
393
58
174
376
8
63
250
292
79
340
264
420
269
327
412
499
475
50
13
219
147
185
207
182
456
467
20
212
343
376
187
67
312
140
370
152
450
321
156
60
358
364
252
263
68
128
4
413
107
272
279
215
198
429
325
434
290
458
209
366
394
348
387
213
492
499
275
497
239
26
29
365
243
121
141
45
403
30
484
75
105
1
43
65
241
258
474
316
151
430
391
137
232
58
243
292
290
276
110
375
352
176
326
458
205
240
387
302
152
67
402
56
374
37
411
338
431
75
499
346
483
40
191
195
437
467
4
370
258
351
473
165
117
299
478
116
320
146
86
8
445
308
486
118
495
41
81
231
373
64
167
411
308
183
139
238
363
277
339
181
251
18
160
469
56
499
341
248
48
285
315
440
27
157
466
146
431
64
55
151
125
433
252
334
498
164
58
97
387
184
232
177
5
164
448
423
41
434
80
326
205
335
343
408
269
340
35
449
67
434
377
16
402
23
145
143
129
345
7
218
216
426
232
260
337
299
325
305
311
82
20
11
398
134
436
431
9
370
26
491
433
281
396
190
378
295
43
186
357
273
346
377
117
218
313
20
102
115
323
171
390
1
371
431
280
496
461
240
39
206
253
152
496
324
104
457
351
104
154
481
335
202
82
64
458
297
314
301
379
108
244
57
480
264
468
111
428
448
299
259
434
158
276
401
25
375
341
282
86
116
189
176
182
375
383
62
192
266
356
405
177
368
415
419
391
201
102
135
205
304
54
124
449
462
183
482
332
396
183
178
118
473
114
447
353
404
84
355
6
148
293
271
315
411
120
47
110
230
364
200
438
276
151
227
465
300
241
236
159
148
361
133
180
175
438
121
9
391
469
20
465
86
446
304
408
399
310
330
395
189
316
458
431
74
174
274
364
299
202
472
299
259
140
433
382
144
404
72
492
232
264
415
479
382
41
441
414
117
151
436
83
409
130
185
395
128
272
159
178
65
247
202
54
136
377
209
86
266
172
19
464
489
59
142
394
29
106
340
391
47
183
203
289
482
79
274
150
182
481
249
110
400
344
94
376
130
466
7
435
379
330
156
136
224
159
196
52
229
239
311
192
228
489
478
91
92
343
35
36
42
255
496
30
235
315
158
424
28
309
238
351
216
140
413
12
401
103
417
4
461
308
488
333
129
357
191
105
300
335
223
408
123
437
184
494
92
312
232
390
213
215
70
410
86
418
406
290
73
231
227
389
94
216
105
490
327
126
144
92
160
330
177
459
408
232
349
181
410
11
117
100
500
32
37
221
99
107
235
159
197
332
263
303
160
247
211
310
175
438
133
465
188
470
236
107
420
200
464
161
391
218
392
79
331
228
364
95
327
15
458
184
368
439
487
191
367
250
366
237
473
9
240
473
431
220
95
438
270
282
110
87
356
80
183
92
185
25
28
151
32
431
119
187
202
83
180
184
10
475
134
364
10
267
274
141
307
310
361
431
457
155
447
29
187
236
186
406
410
206
424
365
110
60
304
245
311
114
164
20
456
304
183
255
160
295
417
28
211
282
368
457
335
283
474
36
305
217
96
124
439
292
129
273
306
200
488
390
444
487
222
93
150
367
496
86
404
171
91
457
379
445
254
153
497
222
379
128
317
116
452
190
26
489
355
460
295
285
162
316
476
54
388
484
215
451
1
317
439
74
117
164
24
483
409
36
134
500
438
94
438
165
113
227
266
254
111
168
114
71
205
45
410
373
188
470
200
294
487
119
64
158
240
308
165
154
284
457
418
265
327
275
332
425
406
66
268
171
333
412
3
101
467
21
494
388
141
47
99
260
57
190
44
495
132
97
179
378
246
458
165
169
245
30
387
299
235
486
407
31
285
35
124
424
143
290
398
23
4
310
127
313
312
486
498
175
80
230
110
387
238
375
235
347
491
404
387
217
326
11
206
272
132
20
3
172
215
419
62
95
398
43
38
464
289
165
451
108
292
8
238
441
274
356
63
263
381
134
354
187
58
45
223
314
143
338
489
230
465
164
62
487
135
122
343
27
247
185
78
100
84
247
324
126
415
224
139
454
282
213
339
411
384
493
363
478
183
1
314
88
486
476
76
493
302
43
392
84
20
186
32
4
407
448
251
242
428
469
145
134
160
384
376
28
392
251
335
465
277
264
254
119
416
479
189
439
186
75
48
402
93
193
189
477
184
225
47
406
127
78
45
161
289
452
320
57
244
42
407
327
99
471
356
375
470
428
352
432
329
87
464
437
223
497
441
52
418
459
85
245
126
62
26
357
51
183
139
307
138
6
350
295
181
242
229
56
7
17
344
441
254
295
211
298
60
65
203
477
394
48
89
302
61
106
314
124
427
57
42
38
236
153
125
169
274
457
139
488
71
446
86
163
95
394
470
187
234
136
463
218
3
250
97
339
132
304
428
331
489
124
444
16
390
464
127
426
55
387
358
369
97
497
495
45
207
115
155
318
42
40
382
220
363
269
414
34
405
32
375
449
31
474
65
201
11
353
21
116
254
314
256
471
278
429
31
35
270
361
194
404
7
22
262
74
78
428
306
144
116
135
58
241
101
315
366
360
439
159
424
287
57
128
315
464
316
301
342
455
160
381
78
63
418
224
307
159
487
51
85
38
105
241
175
136
117
74
71
72
495
84
357
81
252
280
420
235
446
467
162
120
144
34
430
330
309
80
486
411
343
85
297
429
212
387
132
200
43
237
167
401
90
367
252
476
228
147
226
78
61
155
177
205
167
402
180
177
2
476
410
397
472
197
148
204
304
433
121
88
5
8
151
380
440
180
437
7
200
455
156
435
46
176
45
380
372
414
3
200
109
366
9
433
92
114
98
352
148
34
422
191
42
401
487
263
375
356
210
298
2
177
372
369
380
341
264
235
381
487
132
177
113
376
448
123
4
296
121
309
40
395
379
372
245
144
260
222
293
259
17
493
308
33
473
190
14
181
339
226
415
180
265
177
483
460
460
39
180
59
174
307
104
431
203
171
227
325
356
223
212
435
14
182
380
69
40
51
299
304
392
243
420
149
238
328
146
371
389
127
438
107
269
412
18
331
416
399
81
208
367
176
477
402
138
489
370
123
400
356
494
92
316
49
147
29
446
443
350
139
447
70
223
412
66
333
471
74
287
419
270
391
417
163
405
35
466
409
149
58
272
28
154
271
25
465
146
91
94
49
335
388
289
340
434
478
430
175
428
31
153
395
448
187
7
107
336
18
340
432
337
396
332
491
491
492
257
493
307
457
366
162
249
467
110
395
343
166
332
35
21
300
272
274
356
22
47
455
153
220
29
431
276
3
86
133
126
209
96
155
82
207
62
11
36
302
494
447
93
175
465
277
16
408
109
209
63
349
365
44
26
468
240
13
75
189
163
56
474
225
301
424
300
371
142
22
381
436
43
238
295
324
439
387
424
30
241
88
12
463
491
319
203
317
386
380
91
197
479
200
153
125
352
403
228
432
500
139
327
135
406
210
50
467
258
16
8
333
273
63
139
299
144
50
489
393
482
266
197
67
50
103
491
425
472
463
77
473
247
327
392
1
295
343
298
232
45
409
444
64
388
144
310
70
219
347
142
10
288
460
65
315
303
30
113
67
499
158
173
453
495
149
321
330
330
21
342
77
324
86
422
383
19
217
77
127
318
156
437
181
253
480
368
116
409
177
159
452
319
442
488
342
300
398
120
472
44
319
168
456
280
438
456
464
80
162
305
35
314
316
116
130
36
246
167
190
276
66
389
494
352
381
12
468
18
452
341
174
468
47
359
245
139
20
339
145
367
375
132
435
2
22
194
303
20
85
463
224
227
212
102
31
335
77
475
200
80
242
319
369
303
54
477
251
410
5
447
189
360
89
12
44
210
425
214
231
367
337
395
316
247
435
337
85
150
426
364
490
353
436
81
92
220
421
79
322
318
327
174
423
197
222
470
95
62
237
362
423
7
467
359
289
119
259
181
249
388
448
404
325
299
3
355
46
301
470
434
177
80
131
159
88
459
201
441
306
311
180
449
289
297
483
375
463
59
70
46
202
71
2
316
65
151
498
398
191
391
240
105
120
200
472
458
11
212
10
5
46
313
81
123
212
90
5
69
463
313
300
83
51
8
154
258
283
208
187
170
323
86
288
472
134
403
174
277
402
3
449
144
398
89
400
402
392
216
305
251
90
42
478
172
363
112
481
66
18
181
392
194
495
245
185
284
314
306
66
78
24
365
436
389
348
444
14
357
367
24
20
449
475
91
315
147
309
117
190
465
216
74
457
136
237
138
109
287
79
299
163
204
282
53
47
273
340
181
491
383
463
15
182
44
99
375
137
196
316
145
78
211
47
95
80
489
49
55
11
488
240
127
207
245
35
489
107
21
499
10
455
39
128
400
191
404
485
293
182
428
31
499
189
204
166
364
481
126
292
439
468
414
161
10
500
90
317
87
168
159
445
14
250
13
7
358
6
178
398
33
160
202
186
162
51
335
13
465
255
426
41
339
487
447
1
302
229
475
263
136
206
315
419
492
329
423
41
422
427
382
21
132
369
73
431
232
322
149
4
24
243
291
466
36
452
216
291
16
280
98
434
441
188
141
482
43
286
335
166
190
31
258
402
369
25
246
404
82
298
412
398
440
133
11
365
372
366
221
10
385
393
479
409
155
10
470
217
67
146
166
135
403
161
491
354
409
450
381
359
112
300
202
434
267
241
353
41
427
94
202
404
371
49
456
108
168
148
468
316
3
62
220
102
485
81
245
431
457
124
16
385
343
237
119
152
40
384
375
295
224
315
32
45
63
440
480
484
217
355
95
120
250
5
50
363
11
491
347
252
318
313
201
58
240
239
358
89
170
184
39
297
300
278
301
2
148
212
131
262
408
172
235
74
148
467
364
38
62
37
140
95
297
230
121
471
75
432
126
66
158
51
61
416
116
109
98
71
176
204
289
462
232
260
303
278
144
407
411
274
156
140
231
364
137
482
263
229
92
310
93
51
65
300
410
129
273
92
443
348
151
195
250
306
155
73
103
207
224
475
380
126
399
29
124
110
496
457
197
1
31
304
95
215
307
203
337
299
132
199
153
117
67
347
152
156
307
46
279
373
447
214
217
90
44
318
324
129
232
252
50
266
21
292
232
159
251
442
40
34
378
46
13
18
307
500
46
213
366
165
53
308
144
117
3
269
203
222
90
343
14
166
434
47
70
254
351
38
490
287
235
450
234
58
243
148
50
457
272
347
246
466
275
42
274
256
416
67
41
323
158
192
387
89
105
232
68
43
23
229
200
87
351
211
4
471
443
148
59
475
105
103
424
262
337
152
237
127
236
262
242
202
35
41
82
151
159
244
38
179
411
20
134
80
318
140
99
316
436
63
92
148
129
218
486
301
10
128
406
411
441
472
438
60
412
442
418
226
158
309
131
431
46
246
394
291
65
125
303
427
92
298
118
317
298
70
60
139
100
481
285
51
408
82
417
399
352
137
216
383
131
51
313
61
13
167
369
307
185
199
355
203
87
368
224
367
243
67
19
68
164
71
226
395
460
41
70
224
133
115
176
446
335
230
118
382
352
168
335
170
15
354
408
391
79
347
93
45
34
310
480
188
55
413
318
131
246
78
401
104
134
67
439
246
136
366
163
463
413
464
432
247
387
373
38
254
323
262
316
15
367
306
223
358
34
377
263
342
325
380
344
102
164
88
363
308
500
1
241
75
10
246
321
468
31
124
97
19
247
275
1
447
66
471
155
114
3
203
323
217
433
94
416
409
435
51
498
2
240
252
90
288
440
264
191
435
322
115
375
318
48
173
439
403
394
283
338
498
121
189
207
488
307
53
414
414
53
101
476
116
102
257
459
395
28
331
449
413
285
240
247
185
469
168
212
242
105
182
248
173
463
485
35
320
100
237
351
301
116
337
90
309
191
254
258
4
242
235
430
254
301
195
64
260
256
486
390
30
286
348
379
286
241
429
275
308
334
403
134
425
410
203
92
269
286
182
182
66
129
5
16
252
1
27
485
18
306
247
312
168
477
136
221
172
215
265
38
217
451
34
171
399
312
164
493
344
167
379
355
15
150
224
